#Table V. Buchdahl FittingCoefficients,QuadraticModel,Visible Spectral Region 
#SCHOTT GLASS CATALOGUE: OUADRATIC MODEL.VISIBLE SPECTRAL REGION 
#GLASS  BASE INDEX    NU1         NU2      STD DEV  MAX ERROR   WVL 
FK1      1.471198  -.38875E-01  -.36901E-02  .000004   .000007   .505
FK3      1.465014  -.39261E-01  -.33436E-02  .000004   .000006   .505
FK5      1.487994  -.38556E-01  -.44290E-02  .000005   .000010   .490
FK51     1.486979  -.31926E-01   .18194E-02  .000005   .000014   .400
FK52     1.486484  -.32911E-01   .15370E-02  .000006   .000015   .400
FK54     1.437351  -.26753E-01  -.22200E-02  .000003   .000008   .400
PK1      1.504329  -.41887E-01  -.42218E-02  .000005   .000009   .495
PK2      1.518790  -.44266E-01  -.36043E-02  .000004   .000006   .640
PK3      1.526010  -.45145E-01  -.35301E-02  .000004   .000006   .640
PK50     1.521083  -.41516E-01  -.38248E-02  .000004   .000006   .640
PK51     1.529052  -.38005E-01  -.11653E-02  .000008   .000021   .400
PSK2     1.569385  -.50031E-01  -.29459E-02  .000004   .000008   .400
PSK3     1.552954  -.48312E-01  -.29585E-02  .000004   .000007   .400
PSK50    1.558131  -.45989E-01  -.29606E-02  .000004   .000009   .400
PSK52    1.603769  -.51089E-01  -.21857E-02  .000007   .000017   .400
PSK53    1.620848  -.54024E-01  -.11192E-02  .000009   .000024   .400
BK1      1.510673  -.44595E-01  -.24933E-02  .000004   .000008   .400
BK3      1.498869  -.42620E-01  -.43814E-02  .000005   .000010   .495
BK6      1.531750  -.47399E-01  -.23435E-02  .000004   .000009   .400
BK7      1.517385  -.44736E-01  -.32737E-02  .000004   .000006   .640
UBK7     1.517385  -.44657E-01  -.32511E-02  .000004   .000006   .640
BK8      1.520745  -.45353E-01  -.30058E-02  .000004   .000006   .640
BK10     1.498363  -.41386E-01  -.43619E-02  .000005   .000010   .495
BALK1    1.527057  -.48527E-01  -.55659E-03  .000007   .000019   .400
BALKN3   1.519112  -.47654E-01  -.10567E-02  .000005   .000014   .400
K3       1.518866  -.48601E-01  -.27367E-03  .000007   .000019   .400
K4       1.519606  -.50014E-01  -.87388E-04  .000005   .000015   .400
K5       1.523126  -.48603E-01   .51732E-03  .000006   .000018   .400
K7       1.511734  -.46850E-01   .10421E-02  .000005   .000014   .400
K10      1.502014  -.49146E-01   .59641E-03  .000005   .000012   .400
K11      1.500720  -.45114E-01   .13796E-02  .000004   .000007   .400
K50      1.523201  -.48094E-01   .13039E-02  .000005   .000015   .400
UK50     1.523199  -.47942E-01   .14241E-02  .000005   .000012   .400
K51      1.505795  -.47055E-01   .19302E-02  .000004   .000006   .510
ZK1      1.533815  -.50846E-01   .93678E-04  .000007   .000020   .400
ZK5      1.534448  -.53260E-01   .17842E-02  .000011   .000029   .400
ZKN7     1.509073  -.46135E-01   .28023E-02  .000004   .000006   .510
BAK1     1.573219  -.54951E-01   .73080E-03  .000011   .000029   .400
BAK2     1.540615  -.50025E-01   .48440E-03  .000008   .000021   .400
BAK4     1.569563  -.55980E-01   .12009E-02  .000009   .000025   .400
BAK5     1.557397  -.52474E-01   .60790E-04  .000009   .000024   .400
BAK6     1.575176  -.56261E-01   .12602E-02  .000009   .000024   .400
BAK50    1.568446  -.54167E-01   .61838E-03  .000007   .000020   .400
SK1      1.611029  -.59425E-01   .11338E-02  .000012   .000032   .400
SK2      1.608157  -.59206E-01   .10459E-02  .000012   .000031   .400
SK3      1.609558  -.57147E-01  -.36092E-03  .000009   .000024   .400
SK4      1.613477  -.57797E-01  -.18846E-03  .000009   .000025   .400
SK5      1.589828  -.53293E-01   .20681E-02  .000005   .000015   .400
SK6      1.614537  -.60082E-01   .12725E-02  .000013   .000034   .400
SK7      1.608030  -.56513E-01   .70747E-03  .000008   .000023   .400
SK8      1.611961  -.60331E-01   .15222E-02  .000013   .000034   .400
SK9      1.614854  -.61419E-01   .21966E-02  .000012   .000033   .400
SK10     1.623593  -.60458E-01   .92315E-03  .000011   .000030   .400
SK11     1.564512  -.51347E-01  -.14156E-02  .000007   .000018   .400
SK12     1.583842  -.54263E-01  -.64832E-03  .000008   .000023   .400
SK13     1.592544  -.56101E-01   .22876E-03  .000010   .000028   .400
SK14     1.603832  -.55115E-01   .15170E-02  .000006   .000018   .400
SK15     1.623767  -.59330E-01   .39821E-04  .000009   .000026   .400
SK16     1.621157  -.56964E-01   .16415E-02  .000006   .000018   .400
SKN18    1.639374  -.63613E-01   .17595E-02  .000010   .000027   .400
SK19     1.614195  -.59075E-01   .75367E-03  .000011   .000029   .400
SK20     1.560294  -.50643E-01   .16275E-02  .000006   .000017   .400
SK51     1.621646  -.56913E-01   .64482E-04  .000010   .000026   .400
SK52     1.639373  -.63551E-01   .66661E-03  .000010   .000028   .400
KF1      1.541174  -.58252E-01   .48432E-02  .000009   .000024   .400
KF3      1.515220  -.51934E-01   .16171E-02  .000008   .000021   .400
KF6      1.518136  -.54676E-01   .32096E-02  .000007   .000019   .400
KF9      1.524146  -.56040E-01   .38714E-02  .000007   .000020   .400
KF50     1.531630  -.57241E-01   .39921E-02  .000009   .000025   .400
BALF3    1.572132  -.59480E-01   .36697E-02  .000013   .000035   .400
BALF4    1.580348  -.59505E-01   .29782E-02  .000012   .000031   .400
BALF5    1.548128  -.56270E-01   .32670E-02  .000010   .000028   .400
BALF6    1.589843  -.61244E-01   .36201E-02  .000012   .000032   .400
BALF8    1.554389  -.59555E-01   .50505E-02  .000011   .000030   .400
BALF50   1.589758  -.63148E-01   .47336E-02  .000012   .000032   .400
BALF51   1.574727  -.60703E-01   .42462E-02  .000011   .000030   .400
SSK1     1.618028  -.63137E-01   .30332E-02  .000012   .000033   .400
SSK2     1.623147  -.64536E-01   .37295E-02  .000013   .000034   .400
SSK3     1.615703  -.66155E-01   .55202E-02  .000015   .000038   .400
SSK4     1.618460  -.61819E-01   .20500E-02  .000012   .000033   .400
SSKN5    1.659373  -.71231E-01   .60741E-02  .000014   .000036   .400
SSKN8    1.618614  -.68297E-01   .68995E-02  .000011   .000029   .400
SSK50    1.618802  -.64715E-01   .42812E-02  .000013   .000035   .400
SSK51    1.604421  -.62050E-01   .33812E-02  .000012   .000031   .400
SSK52    1.659372  -.71256E-01   .51897E-02  .000015   .000039   .400
LAKN6    1.643302  -.61300E-01  -.25817E-03  .000010   .000027   .400
LAKN7    1.652407  -.61612E-01  -.82255E-03  .000008   .000023   .400
LAK8     1.713962  -.73273E-01  -.26128E-03  .000009   .000024   .400
LAK9     1.691917  -.69861E-01   .27097E-03  .000010   .000027   .400
LAK10    1.721031  -.78844E-01   .31368E-02  .000010   .000028   .400
LAK11    1.659134  -.63610E-01  -.57353E-03  .000009   .000025   .400
LAKN12   1.678788  -.67795E-01  -.15477E-02  .000014   .000039   .400
LAKN13   1.694440  -.71714E-01   .29849E-02  .000017   .000045   .400
LAKN14   1.697711  -.69620E-01   .12083E-02  .000008   .000021   .400
LAKN16   1.734527  -.78462E-01   .16288E-02  .000012   .000032   .400
LAK20    1.694458  -.74111E-01   .43019E-02  .000019   .000049   .400
LAK21    1.641269  -.59043E-01  -.18276E-02  .000006   .000017   .400
LAKN22   1.651973  -.64358E-01   .89933E-03  .000012   .000033   .400
LAK23    1.669660  -.64458E-01  -.27334E-03  .000010   .000028   .400
LAK28    1.745347  -.80938E-01   .24433E-02  .000013   .000036   .400
LAK31    1.697628  -.68416E-01  -.19279E-02  .000006   .000016   .400
LLF1     1.549001  -.65813E-01   .91193E-02  .000011   .000029   .400
LLF2     1.541544  -.63031E-01   .76472E-02  .000010   .000027   .400
LLF3     1.560985  -.65294E-01   .80677E-02  .000009   .000025   .400
LLF4     1.562272  -.68146E-01   .99742E-02  .000011   .000030   .400
LLF6     1.532505  -.60016E-01   .60793E-02  .000009   .000024   .400
LLF7     1.549700  -.66401E-01   .91764E-02  .000011   .000029   .400
BAF3     1.583571  -.68850E-01   .96106E-02  .000015   .000038   .400
BAF4     1.606609  -.75587E-01   .12949E-01  .000017   .000044   .400
BAF5     1.608175  -.67598E-01   .71220E-02  .000015   .000039   .400
BAFN6    1.589874  -.66866E-01   .76376E-02  .000010   .000027   .400
BAF8     1.624694  -.72882E-01   .96512E-02  .000016   .000041   .400
BAF9     1.644242  -.73705E-01   .88647E-02  .000018   .000045   .400
BAFN10   1.671054  -.78140E-01   .10138E-01  .000014   .000037   .400
BAFN11   1.667712  -.75705E-01   .85411E-02  .000015   .000038   .400
BAF12    1.640316  -.77646E-01   .12235E-01  .000014   .000036   .400
BAF13    1.669988  -.81612E-01   .13170E-01  .000016   .000039   .400
BAF50    1.683828  -.84203E-01   .12325E-01  .000018   .000045   .400
BAF51    1.653284  -.79672E-01   .11933E-01  .000017   .000044   .400
BAF52    1.609531  -.71924E-01   .10507E-01  .000016   .000039   .455
BAF53    1.671053  -.78187E-01   .95482E-02  .000015   .000038   .400
BAF54    1.667716  -.76047E-01   .80052E-02  .000014   .000038   .400
LF1      1.574055  -.73775E-01   .13170E-01  .000014   .000036   .400
LF2      1.590243  -.78815E-01   .15822E-01  .000015   .000038   .400
LF3      1.583143  -.75842E-01   .13984E-01  .000013   .000033   .400
LF4      1.579448  -.76222E-01   .14328E-01  .000013   .000034   .400
LF5      1.582460  -.77951E-01   .15525E-01  .000015   .000038   .400
LF6      1.568270  -.72623E-01   .12614E-01  .000012   .000032   .400
LF7      1.576004  -.75945E-01   .14413E-01  .000013   .000035   .400
LF8      1.565361  -.70773E-01   .11648E-01  .000013   .000033   .400
F1       1.627133  -.95708E-01   .25490E-01  .000018   .000045   .455
F2       1.621258  -.93127E-01   .23802E-01  .000019   .000048   .455
F3       1.614114  -.90439E-01   .22200E-01  .000017   .000044   .400
F4       1.617794  -.91970E-01   .23170E-01  .000017   .000043   .455
F5       1.604555  -.86776E-01   .20038E-01  .000017   .000042   .400
F6       1.637644  -.98262E-01   .26916E-01  .000020   .000050   .455
F7       1.626616  -.95968E-01   .26344E-01  .000019   .000048   .455
F8       1.596597  -.83179E-01   .18132E-01  .000016   .000040   .400
F9       1.621616  -.89082E-01   .21281E-01  .000015   .000037   .455
FN11     1.622185  -.93650E-01   .28110E-01  .000002   .000005   .400
F13      1.623605  -.94290E-01   .24767E-01  .000018   .000044   .455
F14      1.602525  -.86037E-01   .19636E-01  .000017   .000042   .400
F15      1.606796  -.87531E-01   .20666E-01  .000018   .000045   .400
BASF1    1.627210  -.87845E-01   .20655E-01  .000018   .000046   .400
BASF2    1.665783  -.10118E+00   .28293E-01  .000020   .000050   .455
BASF5    1.604248  -.77809E-01   .14520E-01  .000017   .000042   .400
BASF6    1.668691  -.87179E-01   .17380E-01  .000018   .000044   .455
BASF10   1.651348  -.90791E-01   .21123E-01  .000021   .000052   .455
BASF12   1.671202  -.93424E-01   .22145E-01  .000018   .000044   .455
BASF13   1.698903  -.98820E-01   .24809E-01  .000015   .000037   .455
BASF14   1.701107  -.10910E+00   .32871E-01  .000014   .000036   .460
BASF50   1.711586  -.10602E+00   .25751E-01  .000017   .000044   .455
BASF51   1.725087  -.10385E+00   .23514E-01  .000022   .000056   .455
BASF52   1.703037  -.93840E-01   .16606E-01  .000015   .000038   .400
BASF54   1.737899  -.12459E+00   .42990E-01  .000019   .000046   .465
BASF55   1.701248  -.11002E+00   .33226E-01  .000013   .000033   .465
BASF56   1.658426  -.97656E-01   .25922E-01  .000015   .000050   .455
BASF57   1.652589  -.85174E-01   .16528E-01  .000022   .000038   .400
LAFN2    1.745195  -.91217E-01   .12716E-01  .000017   .000059   .400
LAFN3    1.718074  -.82166E-01   .83569E-02  .000019   .000056   .400
LAFN7    1.751034  -.11720E+00   .29595E-01  .000022   .000043   .455
LAFN8    1.736465  -.96932E-01   .17021E-01  .000017   .000044   .400
LAF9     1.797027  -.15202E+00   .59212E-01  .000020   .000060   .465
LAF10    1.785717  -.98260E-01   .11690E-01  .000023   .000051   .400
LAFN11   1.758620  -.12968E+00   .40435E-01  .000017   .000053   .455
LAF13    1.776974  -.11214E+00   .24733E-01  .000025   .000054   .455
LAF20    1.683496  -.77865E-01   .81405E-02  .000022   .000043   .400
LAF21    1.789509  -.91657E-01   .62015E-02  .000017   .000047   .400
LAF22    1.783297  -.11514E+00   .29666E-01  .000017   .000042   .460
LAF23    1.690005  -.76606E-01   .73624E-02  .000019   .000049   .400
LAF24    1.758334  -.87267E-01   .60862E-02  .000016   .000043   .400
LAF25    1.785634  -.10413E+00   .18107E-01  .000018   .000045   .400
LAF26    1.747309  -.10217E+00   .19393E-01  .000015   .000038   .400
LAF28    1.774263  -.85808E-01   .34950E-02  .000016   .000043   .400
LASFN3   1.809432  -.10872E+00   .18571E-01  .000022   .000057   .400
LASF8    1.809228  -.13914E+00   .44434E-01  .000021   .000053   .460
LASF9    1.852133  -.14352E+00   .48282E-01  .000027   .000067   .460
LASF11   1.802962  -.99593E-01   .11116E-01  .000020   .000053   .400
LASF13   1.857116  -.12781E+00   .29305E-01  .000033   .000081   .455
LASF15   1.879649  -.12604E+00   .23305E-01  .000027   .000069   .400
LASF18   1.915494  -.15392E+00   .45794E-01  .000021   .000051   .460
LASF30   1.804429  -.95248E-01   .72188E-02  .000019   .000052   .400
LASF31   1.882209  -.11757E+00   .16792E-01  .000037   .000094   .400
LASF32   1.805371  -.14376E+00   .51972E-01  .000012   .000031   .470
LASF33   1.807636  -.12834E+00   .37887E-01  .000024   .000059   .455
SF1      1.719087  -.13212E+00   .47971E-01  .000024   .000060   .460
SF2      1.649053  -.10432E+00   .30949E-01  .000021   .000051   .455
SF3      1.741863  -.14249E+00   .55258E-01  .000024   .000059   .465
SF4      1.757142  -.14860E+00   .59573E-01  .000023   .000055   .460
SF5      1.674185  -.11374E+00   .36167E-01  .000022   .000054   .455
SF6      1.807421  -.17145E+00   .76596E-01  .000022   .000054   .475
SF7      1.641120  -.10085E+00   .28474E-01  .000020   .000049   .455
SF8      1.690503  -.12026E+00   .40213E-01  .000023   .000057   .460
SF9      1.655847  -.10603E+00   .31263E-01  .000020   .000051   .455
SF10     1.730067  -.13910E+00   .56597E-01  .000015   .000037   .470
SF11     1.786872  -.16486E+00   .79106E-01  .000010   .000018   .400
SF12     1.649675  -.10445E+00   .31156E-01  .000018   .000044   .460
SF13     1.742671  -.14550E+00   .63182E-01  .000011   .000028   .480
SF14     1.763850  -.15548E+00   .72248E-01  .000010   .000020   .495
SF15     1.700602  -.12632E+00   .47122E-01  .000016   .000039   .470
SF16     1.647464  -.10347E+00   .30179E-01  .000020   .000050   .455
SF17     1.723262  -.10527E+00   .31408E-01  .000021   .000051   .455
SF18     1.656144  -.13407E+00   .49275E-01  .000023   .000057   .460
SF19     1.690119  -.11009E+00   .33739E-01  .000021   .000051   .455
SF50     1.742670  -.10845E+00   .34446E-01  .000022   .000055   .460
SF51     1.786830  -.10915E+00   .34788E-01  .000021   .000051   .465
SF52     1.920613  -.12227E+00   .42967E-01  .000023   .000057   .460
SF53     1.651546  -.13786E+00   .53193E-01  .000020   .000050   .465
SF54     1.668239  -.14314E+00   .56923E-01  .000021   .000050   .460
SF55     1.661675  -.15327E+00   .64864E-01  .000021   .000051   .465
SF56     1.730102  -.16305E+00   .72042E-01  .000018   .000043   .465
SF57     1.763801  -.19206E+00   .93683E-01  .000025   .000061   .480
SF58     1.849171  -.23003E+00   .12822E+00  .000014   .000026   .400
SF59     1.955782  -.25171E+00   .15140E+00  .000030   .000090   .400
SF61     1.752775  -.14804E+00   .60765E-01  .000020   .000049   .460
SF62     1.682857  -.11615E+00   .37589E-01  .000021   .000052   .460
SF63     1.750313  -.14653E+00   .59561E-01  .000021   .000051   .460
SFN64    1.707504  -.12666E+00   .47841E-01  .000004   .000010   .480
TIK1     1.479281  -.45143E-01  -.48828E-03  .000004   .000011   .400
TIF1     1.511902  -.55149E-01   .65987E-02  .000003   .000005   .655
TIF2     1.533389  -.63525E-01   .12103E-01  .000001   .000003   .645
TIF3     1.548577  -.70980E-01   .17246E-01  .000003   .000007   .470
TIF4     1.585187  -.85983E-01   .26661E-01  .000003   .000007   .485
TIFN5    1.594745  -.91081E-01   .29675E-01  .000002   .000006   .490
TIF6     1.617905  -.10761E+00   .57041E-01  .000032   .000095   .400
TISF1    1.675043  -.12637E+00   .55732E-01  .000013   .000042   .400
KZF1     1.551949  -.61149E-01   .45139E-02  .000008   .000023   .400
KZF2     1.530180  -.56588E-01   .18365E-02  .000005   .000014   .400
KZF6     1.527563  -.56903E-01   .21934E-02  .000005   .000015   .400
KZFS1    1.614095  -.76217E-01   .63083E-02  .000006   .000015   .400
KZFSN2   1.559109  -.57153E-01   .13782E-02  .000006   .000010   .500
KZFSN4   1.614398  -.76255E-01   .76805E-02  .000007   .000020   .400
KZFSN5   1.655302  -.90617E-01   .14951E-01  .000009   .000025   .400
KZFS6    1.592846  -.67378E-01   .33967E-02  .000010   .000005   .400
KZFSN7   1.681949  -.10022E+00   .22339E-01  .000008   .000021   .450
KZFS8    1.721957  -.11378E+00   .28173E-01  .000017   .000044   .400
KZFSN9   1.599477  -.70397E-01   .46975E-02  .000006   .000014   .400
LGSK2    1.586683  -.52860E-01   .30659E-02  .000017   .000043   .400
#-------------------------------------------------------------------------------------------------------------
#OHARA GLASS CATALOGUE: QUADRATIC MODEL,VISIBLE SPECTRAL REGION 
#GLASS  BASE INDEX    NU1         NU2      STD DEV  MAX ERROR   WVL 
FK1      1.471198  -.38835E-01  -.33528E-02  .000004   .000007   .510
FK3      1.465011  -.39168E-01  -.34978E-02  .000004   .000007   .505
FK5      1.487996  -.38665E-01  -.41235E-02  .000004   .000007   .645
FK01     1.497441  -.33745E-01  -.17044E-02  .000006   .000016   .400
PK1      1.504328  -.41941E-01  -.43131E-02  .000004   .000006   .505
PK2      1.518786  -.44332E-01  -.41538E-02  .000007   .000015   .485
PK3      1.526008  -.45215E-01  -.31924E-02  .000005   .000007   .510
PSK1     1.548344  -.48315E-01  -.29915E-02  .000009   .000023   .455
PSK2     1.569383  -.49941E-01  -.29588E-02  .000005   .000013   .400
PSK3     1.552953  -.48107E-01  -.34970E-02  .000004   .000008   .400
PSK01    1.617713  -.54381E-01  -.92677E-03  .000008   .000022   .400
PSK02    1.618706  -.53910E-01  -.42880E-03  .000011   .000030   .400
BK1      1.510673  -.44471E-01  -.23102E-02  .000005   .000012   .400
BK2      1.507162  -.45328E-01  -.20922E-02  .000005   .000012   .400
BK3      1.498866  -.42612E-01  -.39477E-02  .000004   .000007   .510
BK4      1.501034  -.42185E-01  -.41059E-02  .000005   .000007   .505
BK6      1.531743  -.47158E-01  -.24064E-02  .000006   .000016   .400
BK7      1.516915  -.44709E-01  -.32530E-02  .000004   .000006   .640
BK9      1.494420  -.41587E-01  -.44977E-02  .000007   .000013   .490
BK10     1.498363  -.41456E-01  -.45004E-02  .000005   .000009   .495
BK12     1.519324  -.44674E-01  -.34376E-02  .000004   .000007   .655
BALK1    1.527056  -.48566E-01  -.10628E-02  .000008   .000022   .400
BALK3    1.518974  -.47594E-01  -.95601E-03  .000008   .000021   .400
K1       1.510363  -.45507E-01  -.19073E-02  .000004   .000010   .400
K2       1.516673  -.50232E-01   .29147E-03  .000006   .000017   .400
K3       1.518865  -.48631E-01  -.85424E-04  .000005   .000015   .400
K5       1.523127  -.48358E-01  -.25150E-03  .000005   .000014   .400
K7       1.511733  -.46773E-01  -.67785E-03  .000006   .000018   .400
K10      1.502013  -.49046E-01   .27246E-02  .000005   .000012   .400
K50      1.523196  -.48222E-01  -.66827E-03  .000004   .000007   .505
K01      1.523716  -.49439E-01   .33742E-03  .000007   .000019   .400
ZK1      1.533817  -.50848E-01   .44923E-04  .000007   .000021   .400
ZK4      1.512537  -.48652E-01   .16380E-03  .000011   .000027   .400
ZK5      1.534444  -.53054E-01   .14377E-02  .000011   .000029   .400
ZK7      1.509077  -.46386E-01  -.28088E-02  .000004   .000009   .400
BAK1     1.573218  -.54800E-01   .26903E-03  .000008   .000022   .400
BAK2     1.540616  -.50129E-01  -.79162E-03  .000010   .000026   .450
BAK4     1.569563  -.55958E-01   .12028E-02  .000026   .000009   .400
BAK5     1.557399  -.52459E-01   .31609E-03  .000013   .000033   .400
BAK6     1.575177  -.56148E-01   .11282E-02  .000013   .000034   .400
SK1      1.611035  -.59611E-01   .12680E-02  .000014   .000035   .400
SK2      1.608152  -.59011E-01   .14217E-02  .000014   .000038   .400
SK3      1.609560  -.57124E-01  -.49089E-03  .000009   .000025   .400
SK4      1.613471  -.57643E-01   .11512E-05  .000012   .000032   .400
SK5      1.589827  -.53497E-01  -.14856E-02  .000008   .000022   .400
SK6      1.614537  -.60112E-01   .13484E-02  .000013   .000033   .400
SK7      1.608032  -.56561E-01  -.51372E-03  .000010   .000027   .400
SK8      1.611956  -.60321E-01   .16265E-02  .000013   .000034   .400
SK9      1.614855  -.61676E-01   .21661E-02  .000010   .000028   .400
SK10     1.623589  -.60298E-01   .65430E-03  .000011   .000028   .400
SK11     1.564512  -.51456E-01  -.17164E-02  .000007   .000018   .400
SK12     1.583841  -.54340E-01  -.91054E-03  .000009   .000024   .400
SK14     1.603833  -.55014E-01  -.15757E-02  .000007   .000020   .400
SK15     1.623767  -.59232E-01   .16424E-03  .000010   .000028   .400
SK16     1.621156  -.56964E-01  -.10188E-02  .000009   .000025   .400
SK18     1.639372  -.63637E-01   .21309E-02  .000010   .000027   .400
SK19     1.614193  -.59042E-01   .74990E-03  .000010   .000027   .400
SK20     1.560289  -.50692E-01  -.20599E-02  .000006   .000017   .400
KF1      1.541172  -.58331E-01   .50745E-02  .000013   .000033   .400
KF2      1.527038  -.56633E-01   .45592E-02  .000013   .000032   .400
KF3      1.515219  -.51962E-01   .13585E-02  .000008   .000021   .400
KF4      1.534323  -.57001E-01   .40630E-02  .000013   .000033   .400
KF5      1.523841  -.56660E-01   .45157E-02  .000012   .000030   .450
KF6      1.518131  -.54545E-01   .34119E-02  .000011   .000027   .400
KF8      1.511900  -.55073E-01   .73613E-02  .000003   .000009   .460
BALF2    1.571798  -.61769E-01   .53846E-02  .000014   .000037   .400
BALF3    1.572130  -.59559E-01   .37477E-02  .000014   .000037   .400
BALF4    1.580346  -.59492E-01   .32115E-02  .000012   .000033   .400
BALF5    1.548130  -.56369E-01   .33357E-02  .000009   .000024   .400
BALF6    1.589839  -.61022E-01   .36249E-02  .000013   .000035   .400
BALF7    1.589580  -.63299E-01   .54603E-02  .000016   .000042   .400
BALF8    1.554389  -.59561E-01   .46774E-02  .000010   .000025   .400
SSK1     1.618021  -.62986E-01   .27626E-02  .000013   .000034   .400
SSK2     1.623140  -.64476E-01   .37226E-02  .000014   .000036   .400
SSK3     1.615705  -.66129E-01   .56763E-02  .000015   .000039   .400
SSK4     1.618457  -.61923E-01   .21397E-02  .000011   .000030   .400
SSK5     1.659370  -.71223E-01   .57910E-02  .000021   .000055   .400
SSK8     1.618614  -.68189E-01   .73782E-02  .000012   .000033   .400
SSK9     1.621018  -.68679E-01   .70192E-02  .000015   .000038   .400
SSKO1    1.649380  -.67410E-01   .40018E-02  .000011   .000031   .400
LLF1     1.549002  -.65785E-01   .89493E-02  .000010   .000026   .400
LLF2     1.541546  -.62975E-01   .76845E-02  .000010   .000027   .400
LLF3     1.560987  -.65489E-01   .85531E-02  .000013   .000034   .400
LLF4     1.562271  -.68203E-01   .10313E-01  .000013   .000034   .400
LLF6     1.532500  -.59839E-01   .58126E-02  .000009   .000024   .400
LLF7     1.549555  -.66149E-01   .90309E-02  .000013   .000032   .455
LLF8     1.533396  -.63594E-01   .12669E-01  .000002   .000004   .655
BAF1     1.557725  -.63023E-01   .77210E-02  .000015   .000038   .400
BAF2     1.570481  -.63487E-01   .67296E-02  .000015   .000038   .400
BAF3     1.583575  -.69033E-01   .97295E-02  .000016   .000040   .400
BAF4     1.606613  -.75917E-01   .13459E-01  .000017   .000042   .400
BAF5     1.608177  -.67889E-01   .72972E-02  .000015   .000040   .400
BAF6     1.589873  -.66600E-01   .74534E-02  .000015   .000038   .400
BAF8     1.624696  -.72969E-01   .99581E-02  .000017   .000044   .400
BAF9     1.644246  -.73857E-01   .94296E-02  .000017   .000044   .400
BAF10    1.671049  -.77878E-01   .10318E-01  .000016   .000041   .455
BAF11    1.667711  -.75868E-01   .86874E-02  .000013   .000035   .400
BAF12    1.640323  -.78127E-01   .12666E-01  .000018   .000046   .400
BAF13    1.669989  -.81559E-01   .13381E-01  .000016   .000041   .400
BAF01    1.683593  -.83733E-01   .14473E-01  .000017   .000042   .470
BAF03    1.686896  -.85442E-01   .15306E-01  .000014   .000036   .455
LF1      1.574057  -.73749E-01   .13517E-01  .000018   .000044   .455
LF2      1.590234  -.78568E-01   .15562E-01  .000014   .000036   .400
LF3      1.583143  -.75800E-01   .13931E-01  .000014   .000036   .455
LF4      1.579448  -.76315E-01   .15078E-01  .000015   .000038   .400
LF5      1.582461  -.78115E-01   .15859E-01  .000017   .000043   .455
LF6      1.568272  -.72608E-01   .12984E-01  .000015   .000039   .400
LF7      1.575999  -.75927E-01   .14328E-01  .000016   .000039   .455
LF8      1.565365  -.70699E-01   .11707E-01  .000015   .000038   .455
F1       1.627133  -.95683E-01   .25658E-01  .000022   .000055   .455
F2       1.621262  -.93378E-01   .24130E-01  .000021   .000053   .455
F3       1.614111  -.90479E-01   .22543E-01  .000021   .000053   .455
F4       1.617790  -.91923E-01   .23560E-01  .000020   .000051   .455
F5       1.604555  -.86780E-01   .20364E-01  .000019   .000048   .455
F6       1.637641  -.98174E-01   .26752E-01  .000020   .000049   .455
F8       1.596595  -.83099E-01   .18045E-01  .000016   .000041   .400
F9       1.621615  -.89021E-01   .20399E-01  .000016   .000039   .455
F1O      1.624858  -.93208E-01   .23783E-01  .000021   .000054   .455
F11      1.622189  -.94417E-01   .28423E-01  .000003   .000007   .480
F16      1.593887  -.90886E-01   .29069E-01  .000006   .000015   .470
BASF1    1.627202  -.87533E-01   .20417E-01  .000018   .000046   .400
BASF2    1.665783  -.10109E+00   .29335E-01  .000025   .000061   .455
BASF3    1.608246  -.82521E-01   .17799E-01  .000018   .000048   .400
BASF4    1.652501  -.93039E-01   .23243E-01  .000016   .000042   .400
BASF5    1.604251  -.78074E-01   .14829E-01  .000019   .000047   .400
BASF6    1.668691  -.87170E-01   .17643E-01  .000018   .000045   .455
BASF7    1.702754  -.93093E-01   .20246E-01  .000015   .000036   .455
BASF8    1.724781  -.10409E+00   .27432E-01  .000020   .000049   .455
BASF10   1.651338  -.90212E-01   .21109E-01  .000022   .000055   .455
BASF12   1.671199  -.93115E-01   .22072E-01  .000019   .000048   .460
BASFo7   1.702758  -.93218E-01   .18947E-01  .000018   .000046   .400
BASF08   1.724781  -.10396E+00   .24415E-01  .000024   .000060   .455
SF1      1.719089  -.13213E+00   .47624E-01  .000025   .000062   .460
SF2      1.649054  -.10446E+00   .30884E-01  .000022   .000054   .455
SP3      1.741853  -.14201E+00   .55327E-01  .000026   .000064   .460
SF4      1.757145  -.14892E+00   .60609E-01  .000022   .000055   .465
SF5      1.674192  -.11410E+00   .36808E-01  .000023   .000057   .455
SF6      1.807416  -.17140E+00   .76934E-01  .000025   .000061   .470
SF7      1.641118  -.10095E+00   .28334E-01  .000020   .000048   .455
SF8      1.690507  -.12063E+00   .40508E-01  .000021   .000051   .460
SF10     1.730063  -.13887E+00   .56236E-01  .000015   .000037   .465
SF11     1.786877  -.16519E+00   .78978E-01  .000010   .000021   .400
SF13     1.742657  -.14456E+00   .60712E-01  .000014   .000035   .470
SF14     1.763848  -.15535E+00   .70754E-01  .000013   .000031   .485
SF15     1.700595  -.12606E+00   .47022E-01  .000020   .000049   .470
SF18     1.723258  -.13405E+00   .49509E-01  .000026   .000063   .460
SF19     1.668237  -.10996E+00   .33291E-01  .000024   .000060   .455
SF01     1.721963  -.13351E+00   .49172E-01  .000026   .000064   .460
SF03     1.849159  -.19164E+00   .93727E-01  .000021   .000050   .475
SFL6     1.807416  -.17135E+00   .82465E-01  .000007   .000020   .400
SFL11    1.786881  -.16537E+00   .80355E-01  .000010   .000032   .400
SFL14    1.763851  -.15557E+00   .73200E-01  .000009   .000028   .400
SF9      1.655846  -.10618E+00   .31661E-01  .000021   .000052   .455
SF04     1.752762  -.14714E+00   .59047E-01  .000021   .000051   .465
KZF2     1.530181  -.56549E-01   .19976E-02  .000005   .000012   .400
KZF4     1.571262  -.65208E-01   .67944E-02  .000010   .000026   .400
KZF5     1.522016  -.54803E-01   .14168E-02  .000006   .000015   .400
KZF6     1.527565  -.56874E-01   .23207E-02  .000008   .000019   .450
PKS1     1.517818  -.41316E-01   .36424E-02  .000003   .000006   .650
KZFS4    1.614407  -.76981E-01   .87980E-02  .000009   .000023   .400
KZFS5    1.655297  -.90420E-01   .15161E-01  .000012   .000031   .400
KZFS8    1.721949  -.11340E+00   .28476E-01  .000018   .000045   .455
SFS1     1.925965  -.23796E+00   .14086E+00  .000023   .000069   .400
SFS3     1.786820  -.16216E+00   .70811E-01  .000022   .000053   .470
SFS5     1.763788  -.15236E+00   .64164E-01  .000021   .000050   .470
SFS01    1.925912  -.23366E+00   .13224E+00  .000018   .000045   .400
SFSL3    1.786805  -.16157E+00   .75531E-01  .000008   .000021   .400
LAK6     1.643293  -.60955E-01  -.16220E-02  .000008   .000021   .400
LAK7     1.652403  -.61494E-01  -.18154E-02  .000009   .000024   .400
LAK8     1.713954  -.73209E-01   .14479E-03  .000012   .000032   .400
LAK9     1.691914  -.69713E-01  -.31263E-03  .000008   .000022   .400
LAK10    1.721029  -.78821E-01   .41436E-02  .000017   .000046   .400
LAK11    1.659127  -.63462E-01   .21579E-04  .000013   .000034   .400
LAK12    1.678787  -.67723E-01   .48866E-03  .000007   .000022   .400
LAK13    1.694441  -.71833E-01   .79166E-03  .000012   .000032   .400
LAK14    1.697706  -.69383E-01  -.14255E-02  .000007   .000017   .400
LAK18    1.730124  -.73749E-01  -.73942E-03  .000011   .000029   .400
LAK01    1.640772  -.59107E-01  -.36215E-02  .000005   .000010   .400
LAK02    1.670846  -.64640E-01  -.56493E-03  .000010   .000027   .400
LAK03    1.670935  -.71457E-01   .55133E-02  .000016   .000042   .400
LAK04    1.651835  -.64021E-01   .13869E-02  .000012   .000031   .400
LAK05    1.659188  -.67901E-01   .36104E-02  .000015   .000039   .400
LAK06    1.678861  -.73559E-01   .59525E-02  .000018   .000046   .400
LAK07    1.678816  -.70075E-01   .25850E-02  .000015   .000039   .400
LAK08    1.694480  -.75164E-01   .52193E-02  .000019   .000050   .400
LAKO9    1.735028  -.78807E-01   .20393E-02  .000012   .000034   .400
LAK010   1.726980  -.74872E-01   .23074E-04  .000013   .000036   .400
LAK011   1.742014  -.77748E-01   .86582E-03  .000012   .000034   .400
LAK013   1.641813  -.62217E-01   .74913E-03  .000011   .000029   .400
LAK014   1.697691  -.68322E-01  -.18906E-02  .000008   .000021   .400
LASK01   1.756042  -.79715E-01   .13705E-02  .000014   .000038   .400
LASK02   1.787636  -.86773E-01   .36241E-02  .000018   .000049   .400
LAF2     1.745194  -.91311E-01   .12664E-01  .000023   .000057   .400
LAF3     1.718081  -.82230E-01   .86509E-02  .000020   .000052   .400
LAF7     1.751015  -.11613E+00   .34483E-01  .000017   .000042   .460
LAF8     1.736482  -.98005E-01   .18836E-01  .000020   .000051   .455
LAF01    1.701046  -.80012E-01   .93239E-02  .000020   .000050   .455
LAF02    1.721182  -.90312E-01   .15374E-01  .000021   .000053   .455
LAF03    1.736061  -.81426E-01   .31868E-02  .000013   .000034   .400
LAF04    1.758138  -.87065E-01   .62029E-02  .000019   .000049   .400
LAF05    1.763361  -.10400E+00   .21969E-01  .000019   .000049   .455
LAF06    1.687003  -.76744E-01   .76763E-02  .000018   .000045   .400
LAF07    1.714032  -.90480E-01   .16012E-01  .000018   .000045   .455
LAF08    1.721225  -.93705E-01   .18212E-01  .000021   .000052   .455
LAF09    1.698037  -.78983E-01   .84302E-02  .000020   .000049   .455
LAF010   1.744286  -.83134E-01   .40097E-02  .000015   .000040   .400
LAF011   1.721126  -.85860E-01   .11605E-01  .000025   .000061   .400
LAF012   1.784545  -.11816E+00   .33980E-01  .000015   .000038   .460
LAF015   1.751025  -.11686E+00   .34378E-01  .000025   .000063   .455
LASF01   1.787175  -.97737E-01   .11925E-01  .000023   .000059   .400
LASF02   1.800874  -.10377E+00   .15291E-01  .000025   .000063   .400
LASF03   1.807515  -.10832E+00   .18407E-01  .000025   .000062   .455
LASF04   1.816858  -.10092E+00   .10266E-01  .000022   .000059   .400
LASF05   1.836212  -.10735E+00   .13466E-01  .000026   .000067   .400
LASF06   1.842396  -.10690E+00   .12317E-01  .000027   .000071   .400
LASF07   1.864490  -.11403E+00   .16911E-01  .000030   .000077   .400
LASF08   1.884553  -.11879E+00   .18058E-01  .000038   .000094   .400
LASFO9   1.817261  -.96322E-01   .78480E-02  .000027   .000069   .400
LASF10   1.835606  -.12277E+00   .26948E-01  .000025   .000064   .455
LASF12   1.804240  -.94730E-01   .75577E-02  .000024   .000060   .450
LASF13   1.805855  -.11136E+00   .21085E-01  .000023   .000059   .400
LASF14   1.789196  -.91550E-01   .61298E-02  .000019   .000052   .400
LASF15   1.805240  -.94932E-01   .70549E-02  .000020   .000052   .400
LASF16   1.773624  -.85952E-01   .38009E-02  .000018   .000047   .400
LASF17   1.796261  -.96643E-01   .87690E-02  .000021   .000054   .400
LASF21   1.852133  -.14342E+00   .46039E-01  .000024   .000060   .460
LASF24   1.908697  -.12963E+00   .22392E-01  .000045   .000114   .400
#-------------------------------------------------------------------------------------------------------------
#HOYA GLASS CATALOGUE: QUADRATIC MODEL,VISIBLE SPECTRAL REGION 
#GLASS  BASE INDEX    NU1         NU2      STD DEV  MAX ERROR   WVL 
FC1      1.471197  -.38894E-01  -.35889E-02  .000004   .000008   .500
FC3      1.465015  -.39159E-01  -.25439E-02  .000011   .000028   .450
FC5      1.487993  -.38520E-01  -.40410E-02  .000005   .000009   .495
PC1      1.504328  -.41920E-01  -.40876E-02  .000007   .000015   .485
PC2      1.518788  -.44196E-01  -.36503E-02  .000004   .000006   .640
PC3      1.526011  -.45160E-01  -.33593E-02  .000004   .000007   .645
PCS1     1.517825  -.41301E-01  -.41142E-02  .000005   .000010   .490
PCD2     1.569385  -.50047E-01  -.32903E-02  .000004   .000008   .500
PCD3     1.552952  -.48313E-01  -.24874E-02  .000005   .000011   .400
BSC1     1.510675  -.44631E-01  -.26687E-02  .000004   .000006   .645
BSC3     1.498866  -.42589E-01  -.48206E-02  .000005   .000009   .495
BSC6     1.531749  -.47426E-01  -.22110E-02  .000005   .000014   .400
BSC7     1.517384  -.44735E-01  -.35228E-02  .000004   .000008   .500
BACL1    1.527052  -.48461E-01  -.29216E-03  .000006   .000016   .400
BACL3    1.518973  -.47545E-01  -.12866E-02  .000004   .000011   .400
C3       1.518870  -.48586E-01   .15782E-03  .000009   .000025   .400
C5       1.523124  -.48613E-01  -.31971E-03  .000009   .000026   .400
C7       1.511735  -.46812E-01  -.17858E-02  .000005   .000015   .400
C10      1.502013  -.49158E-01   .17914E-02  .000010   .000026   .400
C12      1.523719  -.49311E-01   .14235E-03  .000009   .000026   .400
ZNC1     1.533814  -.50766E-01  -.53012E-03  .000012   .000029   .450
ZNC5     1.534442  -.53211E-01   .16783E-02  .000009   .000025   .400
ZNC7     1.509074  -.46080E-01  -.29643E-02  .000004   .000006   .640
BAC1     1.573217  -.55007E-01   .13141E-02  .000009   .000027   .400
BAC2     1.540616  -.50014E-01  -.25226E-03  .000007   .000020   .400
BAC4     1.569563  -.56086E-01   .11207E-02  .000007   .000020   .400
BAC5     1.557397  -.52537E-01  -.59029E-03  .000012   .000030   .455
BAC6     1.575178  -.56279E-01   .16087E-02  .000010   .000027   .400
BACD1    1.611028  -.59517E-01   .80099E-03  .000009   .000027   .400
BACD2    1.608159  -.59148E-01   .11376E-02  .000012   .000034   .400
BACD3    1.609561  -.57193E-01  -.13727E-03  .000009   .000024   .400
BACD4    1.613475  -.57835E-01  -.15577E-03  .000010   .000028   .400
BACD5    1.589827  -.53309E-01  -.19340E-02  .000005   .000012   .400
BACD6    1.614541  -.60124E-01   .83880E-03  .000013   .000035   .400
BACD7    1.608032  -.56482E-01  -.75606E-03  .000010   .000028   .400
BACD8    1.611961  -.60503E-01   .13813E-02  .000012   .000032   .400
BACD9    1.614853  -.61497E-01   .21164E-02  .000010   .000030   .400
BACD10   1.623591  -.60439E-01   .78670E-03  .000013   .000035   .400
BACD11   1.564512  -.51328E-01  -.14906E-02  .000006   .000016   .400
BACD12   1.583840  -.54231E-01  -.11493E-02  .000013   .000033   .455
BACD13   1.592545  -.56100E-01   .28713E-03  .000010   .000027   .400
BACD14   1.603831  -.55000E-01  -.14630E-02  .000010   .000026   .400
BACD15   1.623771  -.59310E-01  -.38821E-03  .000005   .000014   .400
BACD16   1.621155  -.56975E-01  -.17103E-02  .000006   .000016   .400
BACD18   1.639374  -.63556E-01   .18496E-02  .000012   .000032   .400
BACED1   1.618030  -.63127E-01   .28050E-02  .000012   .000037   .400
BACED2   1.623146  -.64634E-01   .34189E-02  .000008   .000024   .400
BACED3   1.615704  -.66161E-01   .53237E-02  .000016   .000041   .400
BACED4   1.618461  -.61794E-01   .18908E-02  .000014   .000037   .400
BACED5   1.659369  -.71308E-01   .58803E-02  .000011   .000030   .400
BACED9   1.621015  -.68465E-01   .70544E-02  .000013   .000034   .400
BACED20  1.649381  -.67409E-01   .39973E-02  .000013   .000037   .400
LACL1    1.641669  -.62391E-01  -.79920E-03  .000007   .000019   .400
LACL2    1.651040  -.64598E-01   .88842E-03  .000006   .000014   .400
LACL3    1.665698  -.68713E-01   .27293E-02  .000007   .000023   .400
LACL4    1.670540  -.71580E-01   .25869E-02  .000007   .000008   .400
LACL5    1.694488  -.75314E-01   .36724E-02  .000003   .000037   .400
LACL6    1.640776  -.58974E-01  -.29342E-02  .000006   .000018   .400
LACL7    1.670844  -.64733E-01  -.20721E-02  .000011   .000029   .400
LACL8    1.678813  -.70001E-01   .29117E-02  .000016   .000042   .400
LACL9    1.678871  -.73790E-01   .58047E-02  .000023   .000059   .455
LAC6     1.643302  -.61352E-01  -.15716E-02  .000010   .000027   .450
LAC7     1.652408  -.61721E-01  -.18967E-02  .000016   .000040   .455
LAC8     1.713957  -.73130E-01  -.56855E-03  .000010   .000027   .400
LAC9     1.691912  -.69904E-01  -.13379E-02  .000009   .000023   .450
LAC10    1.721032  -.78902E-01   .28940E-02  .000015   .000040   .400
LAC11    1.659130  -.63646E-01   .15274E-02  .000008   .000021   .400
LAC12    1.678786  -.67478E-01   .17257E-03  .000012   .000033   .400
LAC13    1.694439  -.71732E-01   .29343E-02  .000020   .000050   .400
LAC14    1.697713  -.69586E-01  -.14928E-02  .000007   .000019   .400
LAC15    1.697695  -.68759E-01  -.15483E-02  .000010   .000027   .400
TAC1     1.726985  -.75257E-01  -.13834E-02  .000004   .000011   .400
TAC2     1.742017  -.77852E-01  -.85137E-04  .000015   .000038   .450
TAC4     1.735038  -.79414E-01   .22068E-02  .000014   .000041   .400
CF1      1.541179  -.58477E-01   .46870E-02  .000004   .000013   .400
CF2      1.527040  -.56828E-01   .36469E-02  .000009   .000024   .400
CF3      1.515220  -.52009E-01   .20182E-02  .000006   .000017   .400
CF4      1.534323  -.57055E-01   .42410E-02  .000009   .000026   .400
CF5      1.523840  -.56583E-01   .43226E-02  .000007   .000021   .400
CF6      1.518135  -.54715E-01   .34292E-02  .000007   .000019   .400
SBF1     1.551953  -.61359E-01   .49468E-02  .000006   .000017   .400
SBF2     1.530180  -.56611E-01   .22774E-02  .000009   .000019   .400
SBF5     1.522013  -.54600E-01   .92355E-03  .000005   .000013   .400
SBF6     1.527567  -.56952E-01   .21709E-02  .000006   .000017   .400
BAFL2    1.571798  -.61801E-01   .54514E-01  .000013   .000035   .400
BAFL3    1.572127  -.59414E-01   .34299E-02  .000015   .000039   .400
BAFL4    1.580352  -.59511E-01   .27671E-02  .000011   .000029   .400
BAFL6    1.589840  -.61280E-01   .26344E-02  .000023   .000058   .460
FEL1     1.548997  -.65702E-01   .86800E-02  .000013   .000034   .455
FEL2     1.541543  -.63000E-01   .74966E-02  .000009   .000024   .400
FEL3     1.560980  -.65316E-01   .87281E-02  .000017   .000042   .455
FEL4     1.562271  -.68163E-01   .99719E-02  .000012   .000032   .400
FEL6     1.532505  -.59940E-01   .51426E-02  .000009   .000023   .455
FEL7     1.549698  -.66333E-01   .90560E-02  .000013   .000032   .455
BAF3     1.583573  -.68863E-01   .82355E-02  .000018   .000045   .460
BAF4     1.606610  -.75643E-01   .13279E-01  .000020   .000050   .455
BAF5     1.608178  -.67701E-01   .78241E-02  .000011   .000033   .400
BAF6     1.589876  -.66743E-01   .78757E-02  .000009   .000028   .400
BAF7     1.608959  -.72250E-01   .10450E-01  .000013   .000034   .400
BAF8     1.624693  -.72855E-01   .92752E-02  .000011   .000032   .400
BAF9     1.644243  -.73734E-01   .89076E-02  .000017   .000043   .400
BAF10    1.671048  -.78004E-01   .10037E-01  .000016   .000040   .400
BAF11    1.667712  -.75763E-01   .98400E-02  .000027   .000068   .455
BAF12    1.640320  -.77786E-01   .12762E-01  .000016   .000041   .455
BAF13    1.669986  -.81743E-01   .13391E-01  .000011   .000031   .400
BAF20    1.686899  -.85684E-01   .14115E-01  .000013   .000033   .455
BAF21    1.665194  -.74630E-01   .93588E-02  .000012   .000037   .400
BAF22    1.683591  -.83790E-01   .14835E-01  .000017   .000046   .400
FL1      1.574054  -.73665E-01   .14101E-01  .000025   .000062   .455
FL2      1.590242  -.78748E-01   .15554E-01  .000019   .000049   .455
FL3      1.583143  -.75884E-01   .14547E-01  .000015   .000039   .400
FIL4     1.579442  -.76015E-01   .13519E-01  .000015   .000037   .455
FL5      1.582455  -.77885E-01   .15494E-01  .000015   .000040   .400
FIL6     1.568274  -.72636E-01   .12547E-01  .000011   .000029   .400
FL7      1.576004  -.75927E-01   .14133E-01  .000012   .000031   .400
F1       1.627131  -.95592E-01   .24671E-01  .000022   .000053   .460
F2       1.621260  -.93300E-01   .23967E-01  .000017   .000044   .400
F3       1.614114  -.90621E-01   .22485E-01  .000016   .000040   .400
F4       1.617791  -.91985E-01   .23450E-01  .000019   .000046   .400
F5       1.604552  -.86797E-01   .19988E-01  .000018   .000044   .400
F6       1.637641  -.98255E-01   .26390E-01  .000023   .000057   .460
F7       1.626616  -.95878E-01   .26309E-01  .000023   .000058   .455
F8       1.596601  -.83106E-01   .18123E-01  .000013   .000035   .400
F9       1.621611  -.89094E-01   .20935E-01  .000013   .000032   .400
F11      1.622194  -.94256E-01   .28240E-01  .000002   .000005   .400
F15      1.606793  -.87398E-01   .20334E-01  .000015   .000038   .400
BAFD1    1.627203  -.87536E-01   .20081E-01  .000022   .000055   .460
BAFD2    1.665778  -.10101E+00   .27890E-01  .000021   .000052   .455
BAFD3    1.608248  -.82368E-01   .17515E-01  .000011   .000031   .400
BAFD4    1.652493  -.92895E-01   .22484E-01  .000022   .000055   .400
BAFD5    1.604252  -.77956E-01   .14960E-01  .000017   .000043   .400
BAFD6    1.668691  -.87185E-01   .17602E-01  .000015   .000041   .400
BAFD7    1.702763  -.93284E-01   .20351E-01  .000017   .000042   .455
BAFD8    1.724778  -.10403E+00   .26382E-01  .000011   .000028   .465
BAFD10   1.651340  -.90379E-01   .20344E-01  .000018   .000045   .455
BAFD14   1.701106  -.10923E+00   .32787E-01  .000014   .000036   .460
PD1      1.719086  -.13212E+00   .48680E-01  .000030   .000073   .460
FD2      1.649057  -.10436E+00   .31106E-01  .000019   .000047   .455
FD3      1.741857  -.14223E+00   .55419E-01  .000025   .000062   .465
FD4      1.757144  -.14879E+00   .60002E-01  .000027   .000066   .470
FD5      1.674190  -.11386E+00   .36446E-01  .000022   .000055   .455
FD6      1.807421  -.17120E+00   .76867E-01  .000024   .000059   .470
FD7      1.641123  -.10094E+00   .28912E-01  .000022   .000055   .455
FD8      1.690503  -.12034E+00   .40552E-01  .000021   .000052   .455
FD9      1.655845  -.10582E+00   .31164E-01  .000022   .000054   .455
FD10     1.730075  -.13958E+00   .56997E-01  .000009   .000022   .480
FD11     1.786875  -.16491E+00   .79444E-01  .000032   .000061   .500
FD12     1.649675  -.10455E+00   .31562E-01  .000022   .000054   .455
FD13     1.742663  -.14487E+00   .61050E-01  .000007   .000022   .400
FD14     1.763852  -.15549E+00   .70392E-01  .000004   .000008   .485
FD15     1.700596  -.12635E+00   .47464E-01  .000020   .000049   .465
FD18     1.723258  -.13407E+00   .49462E-01  .000025   .000061   .460
FD19     1.668233  -.10984E+00   .34152E-01  .000027   .000066   .460
FD20     1.721969  -.13361E+00   .50536E-01  .000012   .000029   .400
FDS2     1.730102  -.13790E+00   .53560E-01  .000022   .000055   .465
FDS3     1.786830  -.16324E+00   .72352E-01  .000012   .000031   .400
FDS5     1.763809  -.15339E+00   .65367E-01  .000021   .000052   .475
FDS9     1.849166  -.19205E+00   .93613E-01  .000028   .000067   .480
FF1      1.511899  -.55101E-01   .67868E-02  .000005   .000013   .450
FF2      1.533392  -.63591E-01   .12632E-01  .000005   .000010   .700
FF5      1.593893  -.91117E-01   .29616E-01  .000005   .000012   .475
LAFL1    1.687005  -.76394E-01   .80769E-02  .000026   .000065   .400
LAFL2    1.698033  -.79060E-01   .72356E-02  .000017   .000043   .455
LAFL3    1.701356  -.80486E-01   .90172E-02  .000021   .000053   .455
LAFL4    1.713888  -.90546E-01   .11879E-01  .000009   .000027   .400
LAFL5    1.721176  -.90054E-01   .13565E-01  .000016   .000040   .455
LAFL6    1.721231  -.94031E-01   .14619E-01  .000011   .000028   .455
LAF2     1.745189  -.91085E-01   .12899E-01  .000015   .000041   .400
LAF3     1.718078  -.82313E-01   .58408E-02  .000019   .000050   .400
LAF7     1.751029  -.11689E+00   .28489E-01  .000022   .000056   .455
NBF1     1.744391  -.83293E-01   .28524E-02  .000019   .000048   .455
NBF2     1.758144  -.87415E-01   .57537E-02  .000020   .000052   .400
NBF3     1.736068  -.81455E-01   .27393E-02  .000016   .000040   .400
TAF1     1.773625  -.85939E-01   .26756E-02  .000015   .000041   .400
TAF2     1.795759  -.96336E-01   .81892E-02  .000023   .000057   .400
TAF3     1.805449  -.95286E-01   .65815E-02  .000018   .000049   .400
TAF4     1.789195  -.91456E-01   .53844E-02  .000018   .000068   .400
NBFD1    1.790331  -.10137E+00   .13136E-01  .000021   .000032   .400
NBFD2    1.798590  -.10628E+00   .17042E-01  .000026   .000054   .400
NBFD3    1.805959  -.11124E+00   .19874E-01  .000026   .000087   .400
NBFD4    1.832225  -.12435E+00   .28270E-01  .000013   .000063   .455
NBFD5    1.763356  -.10355E+00   .21511E-01  .000028   .000051   .455
NBFD6    1.758188  -.11366E+00   .30442E-01  .000021   .000054   .400
NBFD7    1.784548  -.11852E+00   .32379E-01  .000017   .000068   .460
NBFD8    1.809021  -.12387E+00   .34298E-01  .000035   .000070   .460
NBFD9    1.758593  -.12966E+00   .40986E-01  .000024   .000043   .460
NBFD1O   1.835598  -.12213E+00   .28139E-01  .000025   .000059   .400
NBFD11   1.787185  -.98435E-01   .10335E-01  .000015   .000043   .400
NBFD12   1.800860  -.10369E+00   .14019E-01  .000025   .000065   .400
NBFD13   1.807522  -.10854E+00   .17712E-01  .000022   .000059   .400
NBFD14   1.803002  -.99501E-01   .98535E-02  .000021   .000054   .400
TAFD1    1.816026  -.10142E+00   .10051E-01  .000010   .000034   .400
TAFD2    1.839131  -.10960E+00   .15108E-01  .000028   .000076   .400
TAFD5    1.836398  -.10680E+00   .12560E-01  .000022   .000062   .400
TAFD9    1.852179  -.14387E+00   .47718E-01  .000017   .000043   .465
TAFD10   1.816821  -.10076E+00   .10203E-01  .000022   .000062   .400
TAFD13   1.857070  -.12788E+00   .29478E-01  .000032   .000081   .460
ADC1     1.620722  -.55026E-01   .10681E-02  .000016   .000042   .400
ADC2     1.597778  -.59520E-01   .45984E-02  .000002   .000005   .655
ADF1     1.565769  -.59021E-01  -.25774E-03  .000007   .000017   .450
ADF4     1.613480  -.75143E-01   .82376E-02  .000006   .000016   .400
ADF8     1.687649  -.88025E-01   .12025E-01  .000010   .000026   .400
BACD165  1.621164  -.57423E-01  -.19053E-02  .000009   .000024   .400
BAFD15   1.703234  -.95456E-01   .16868E-01  .000017   .000047   .400
TAFD17   1.879648  -.12595E+00   .23628E-01  .000031   .000076   .455
FCD10    1.456866  -.27882E-01  -.18253E-02  .000006   .000016   .400
#-------------------------------------------------------------------------------------------------------------
#CORNING-FRANCE GLASS CATALOGUE: QUADRATIC MODEL,VISIBLE SPECTRAL REGION 
#GLASS  BASE INDEX    NU1         NU2      STD DEV  MAX ERROR   WVL 
465657   1.465014  -.39247E-01  -.31742E-02  .000004   .000007   .400
487704   1.487751  -.38464E-01  -.42026E-02  .000004   .000007   .505
488658   1.488042  -.41241E-01  -.43037E-02  .000006   .000012   .495
604640   1.604192  -.52156E-01  -.47476E-03  .000009   .000027   .400
510635   1.510575  -.44546E-01  -.26952E-02  .000004   .000007   .400
517642   1.517389  -.44703E-01  -.32916E-02  .000004   .000007   .510
518651   1.518778  -.44230E-01  -.35472E-02  .000005   .000008   .505
511604   1.511613  -.46895E-01  -.14527E-02  .000005   .000013   .400
518603   1.518825  -.47650E-01  -.17597E-02  .000004   .000008   .400
523594   1.523633  -.48675E-01  -.71601E-03  .000006   .000015   .400
540597   1.540160  -.50064E-01  -.13676E-02  .000004   .000009   .400
569560   1.569531  -.56046E-01   .14863E-02  .000010   .000028   .400
573575   1.573219  -.55089E-01  -.47218E-05  .000006   .000018   .400
564609   1.564676  -.51298E-01  -.20934E-02  .000005   .000011   .400
589612   1.589696  -.53309E-01  -.16691E-02  .000006   .000016   .400
609590   1.609502  -.57029E-01  -.27299E-03  .000010   .000028   .400
613585   1.613451  -.57913E-01  -.64555E-03  .000006   .000016   .400
614564   1.614285  -.60055E-01   .11546E-02  .000012   .000032   .400
618551   1.618415  -.61840E-01   .21083E-02  .000012   .000033   .400
620603   1.621152  -.56956E-01  -.14068E-02  .000006   .000017   .400
623581   1.623780  -.59333E-01  -.26310E-03  .000007   .000019   .400
623569   1.623593  -.60437E-01   .10772E-02  .000012   .000033   .400
639555   1.639336  -.63488E-01   .19223E-02  .000014   .000039   .400
529518   1.529735  -.56385E-01   .17434E-02  .000006   .000015   .400
548535   1.548492  -.56516E-01   .30074E-02  .000006   .000016   .400
558525   1.558274  -.58312E-01   .85869E-02  .000003   .000007   .400
623531   1.623348  -.64623E-01   .33707E-02  .000008   .000024   .400
659510   1.659435  -.71199E-01   .41371E-02  .000010   .000030   .400
548457   1.548960  -.65893E-01   .86875E-02  .000010   .000028   .400
581408   1.582416  -.78037E-01   .15369E-01  .000014   .000038   .400
606439   1.606597  -.75618E-01   .13038E-01  .000008   .000023   .400
624469   1.624957  -.73143E-01   .75841E-02  .000012   .000032   .400
648462   1.648755  -.77071E-01   .89130E-02  .000012   .000033   .400
667484   1.667688  -.75643E-01   .87589E-02  .000019   .000051   .400
670471   1.671029  -.78182E-01   .87668E-02  .000018   .000048   .400
613443   1.614396  -.76236E-01   .76056E-02  .000007   .000019   .400
616444   1.617001  -.76422E-01   .68935E-02  .000007   .000018   .400
604381   1.604631  -.86602E-01   .20326E-01  .000015   .000040   .400
620363   1.621230  -.93298E-01   .24172E-01  .000016   .000042   .400
626356   1.627157  -.95968E-01   .26056E-01  .000017   .000045   .400
637353   1.637779  -.98387E-01   .26265E-01  .000018   .000046   .400
648339   1.649352  -.10414E+00   .30495E-01  .000023   .000063   .400
667331   1.668432  -.10979E+00   .33473E-01  .000020   .000049   .400
650392   1.651393  -.90794E-01   .20058E-01  .000014   .000037   .400
702411   1.703028  -.93516E-01   .18085E-01  .000019   .000049   .400
724380   1.724852  -.10403E+00   .25597E-01  .000020   .000049   .460
655401   1.656673  -.89767E-01   .13568E-01  .000010   .000027   .400
696365   1.697353  -.10439E+00   .22298E-01  .000013   .000035   .400
673323   1.674180  -.11342E+00   .35610E-01  .000019   .000050   .400
689312   1.690574  -.12018E+00   .40006E-01  .000021   .000053   .455
699301   1.700651  -.12620E+00   .46034E-01  .000016   .000040   .465
717295   1.719138  -.13213E+00   .50528E-01  .000016   .000039   .470
728284   1.730123  -.13922E+00   .55366E-01  .000014   .000034   .475
740281   1.741868  -.14289E+00   .57523E-01  .000015   .000037   .480
755276   1.757143  -.14847E+00   .61450E-01  .000015   .000036   .475
762269   1.763809  -.15355E+00   .64359E-01  .000015   .000036   .480
785259   1.787139  -.16418E+00   .73000E-01  .000014   .000033   .485
805255   1.807326  -.17095E+00   .76830E-01  .000017   .000040   .480
734265   1.735978  -.14996E+00   .70999E-01  .000015   .000048   .400
641601   1.641267  -.58987E-01   .13426E-02  .000007   .000020   .400
651559   1.651968  -.64392E-01   .31046E-03  .000011   .000030   .400
652585   1.652407  -.61652E-01   .13687E-02  .000009   .000024   .400
658572   1.658335  -.63542E-01   .32903E-03  .000011   .000030   .400
678555   1.678889  -.67542E-01  -.11606E-03  .000009   .000027   .400
691548   1.691921  -.69723E-01   .54766E-03  .000010   .000028   .400
697554   1.697916  -.69652E-01  -.91602E-03  .000007   .000019   .400
697562   1.697899  -.68664E-01   .15192E-02  .000007   .000020   .400
713538   1.713958  -.73248E-01   .17431E-03  .000009   .000026   .400
720503   1.721037  -.78966E-01   .33291E-02  .000014   .000039   .400
734514   1.734545  -.78819E-01   .21033E-02  .000014   .000038   .400
689496   1.690011  -.76453E-01   .51446E-02  .000022   .000058   .400
717480   1.718088  -.82250E-01   .67440E-02  .000018   .000048   .400
744448   1.745195  -.91293E-01   .10825E-01  .000013   .000037   .400
788474   1.789201  -.91625E-01   .59436E-02  .000016   .000044   .400
800456   1.801265  -.96563E-01   .85848E-02  .000020   .000055   .400
803467   1.804243  -.94682E-01   .69256E-02  .000019   .000051   .400
836302   1.838371  -.15045E+00   .58493E-01  .000006   .000013   .495
865401   1.866546  -.11817E+00   .20693E-01  .000032   .000084   .400
486817   1.486475  -.32940E-01   .17123E-02  .000006   .000016   .400
542734   1.542737  -.40890E-01   .15568E-02  .000008   .000021   .400
#-------------------------------------------------------------------------------------------------------------
#CHANCE GLASS CATALOGUE: QUADRATIC MODEL,VISIBLE SPECTRAL REGION 
#GLASS  BASE INDEX    NU1         NU2      STD DEV  MAX ERROR   WVL 
510644   1.510273  -.43936E-01  -.32015E-02  .000004   .000006   .645
517642   1.517382  -.44745E-01  -.33088E-02  .000004   .000007   .645
519604   1.519611  -.47567E-01  -.11247E-02  .000006   .000016   .400
524592   1.524639  -.48990E-01  -.65528E-03  .000007   .000019   .400
508612   1.508191  -.46073E-01  -.26634E-02  .000004   .000007   .650
569561   1.569560  -.55983E-01   .99813E-03  .000010   .000026   .400
572577   1.572917  -.54789E-01   .22966E-03  .000008   .000023   .400
564608   1.564511  -.51351E-01  -.13187E-02  .000007   .000019   .400
569631   1.569383  -.50009E-01  -.25630E-02  .000005   .000012   .400
589613   1.589826  -.53297E-01   .17804E-02  .000005   .000013   .400
603606   1.603831  -.55115E-01   .15208E-02  .000007   .000020   .400
607595   1.608030  -.56512E-01  -.62974E-03  .000008   .000023   .400
613586   1.613475  -.57796E-01   .13474E-03  .000010   .000027   .400
620603   1.621154  -.56952E-01   .14330E-02  .000008   .000021   .400
623581   1.623764  -.59348E-01   .88559E-04  .000010   .000029   .400
623569   1.623589  -.60470E-01   .91948E-03  .000013   .000034   .400
639554   1.639373  -.63595E-01   .20936E-02  .000011   .000029   .400
658509   1.659369  -.71244E-01   .62531E-02  .000015   .000039   .400
530512   1.531074  -.57113E-01   .39823E-02  .000009   .000024   .400
606439   1.606604  -.75610E-01   .12976E-01  .000017   .000044   .400
700412   1.701222  -.93147E-01   .17873E-01  .000017   .000045   .400
702410   1.703034  -.93642E-01   .19451E-01  .000022   .000054   .455
614439   1.615006  -.77002E-01   .84091E-02  .000008   .000021   .400
541472   1.541542  -.63043E-01   .75413E-02  .000010   .000027   .400
548456   1.548553  -.65992E-01   .86952E-02  .000011   .000030   .400
567428   1.568268  -.72630E-01   .12722E-01  .000013   .000034   .400
573426   1.574053  -.73792E-01   .13085E-01  .000014   .000036   .400
579411   1.579607  -.77011E-01   .15648E-01  .000018   .000044   .400
581409   1.582463  -.77935E-01   .15039E-01  .000015   .000037   .455
582421   1.583140  -.75857E-01   .13727E-01  .000014   .000036   .400
620364   1.621259  -.93089E-01   .24058E-01  .000018   .000046   .455
626357   1.627129  -.95711E-01   .25452E-01  .000018   .000046   .400
648338   1.649677  -.10444E+00   .31234E-01  .000017   .000041   .455
653335   1.654868  -.10640E+00   .31948E-01  .000020   .000051   .455
699301   1.700596  -.12637E+00   .47508E-01  .000016   .000039   .460
706300   1.707527  -.12781E+00   .50041E-01  .000006   .000017   .400
717295   1.719090  -.13208E+00   .48687E-01  .000021   .000052   .460
728284   1.730064  -.13917E+00   .56675E-01  .000013   .000032   .465
748278   1.750323  -.14588E+00   .57752E-01  .000023   .000055   .460
755276   1.757145  -.14859E+00   .59540E-01  .000021   .000052   .465
785258   1.786872  -.16493E+00   .77158E-01  .000009   .000022   .480
805254   1.807417  -.17150E+00   .75525E-01  .000027   .000066   .455
641601   1.641270  -.59203E-01  -.37770E-02  .000005   .000008   .645
643580   1.643299  -.61319E-01   .34170E-03  .000011   .000029   .400
652585   1.652404  -.61624E-01  -.81363E-03  .000009   .000025   .400
658573   1.691914  -.69840E-01   .36250E-04  .000010   .000028   .400
669574   1.669663  -.64468E-01  -.41076E-03  .000011   .000029   .400
678552   1.678788  -.67822E-01   .12195E-02  .000014   .000037   .400
691547   1.691914  -.69840E-01   .36250E-04  .000012   .000032   .400
691548   1.691911  -.69641E-01   .14692E-02  .000015   .000040   .400
694533   1.694439  -.71727E-01   .28801E-02  .000016   .000042   .400
697562   1.698236  -.68756E-01  -.20282E-02  .000008   .000020   .400
697554   1.697710  -.69639E-01  -.14791E-02  .000008   .000022   .400
713538   1.713958  -.73280E-01  -.34618E-03  .000010   .000026   .400
720504   1.721028  -.78796E-01   .39028E-02  .000014   .000039   .400
734517   1.734527  -.78402E-01   .19647E-02  .000015   .000042   .400
689495   1.690002  -.76692E-01   .53385E-02  .000021   .000053   .400
717480   1.718076  -.82233E-01   .69997E-02  .000020   .000053   .400
717479   1.718078  -.82506E-01   .59943E-02  .000012   .000033   .400
744448   1.745195  -.91366E-01   .10813E-01  .000015   .000041   .400
788474   1.789510  -.91689E-01   .56603E-02  .000018   .000049   .400
850322   1.852142  -.14371E+00   .44056E-01  .000028   .000069   .460
